0.01
0.95
3000.
26
24
6
3000.
1000,1000,1000,1000,800,800
1
0.00015, 0.2, 0.85
2
0.00015, 0.2, 0.85
3
0.00015, 0.2, 0.85
4
0.00015, 0.2, 0.85
5
0.00016, 0.2, 0.85
6
0.00018, 0.2, 0.85
7
0.00001, 0.4, 0.9
8
0.00001, 0.4, 0.9
9
0.00001, 0.4, 0.9
10
0.00001, 0.4, 0.9
11
0.00001, 0.4, 0.9
12
0.00001, 0.4, 0.9
13
0.000004, 0.4, 0.9
14
0.000004, 0.4, 0.9
15
0.000008, 0.5, 0.95
16
0.000008, 0.5, 0.95
17
0.000008, 0.5, 0.95
18
0.000008, 0.5, 0.95
19
0.000008, 0.5, 0.95
20
0.000008, 0.5, 0.95
21
0.000008, 0.5, 0.95
22
0.000008, 0.5, 0.95
23
0.000008, 0.5, 0.95
24
0.000008, 0.5, 0.95
25
0.000008, 0.5, 0.95
26
0.000008, 0.5, 0.95
7,10
17,20
7,20
10,17
7,12
15,24
7,24
12,15
8,9
16,21
9,16
8,21
9,12
19,26
10,26
12,19
8,11
18,25
11,18
8,25
10,11
22,23
10,23
11,22
0
